%YAML:1.0
---
K: !!opencv-matrix
   rows: 3
   cols: 3
   dt: d
   data: [ 3.0159995408749528e+03, 0., 1.5157580680148099e+03, 0.,
       3.0167097036443161e+03, 1.9762713615243506e+03, 0., 0., 1. ]
D: !!opencv-matrix
   rows: 1
   cols: 5
   dt: d
   data: [ 1.0929577691864659e-01, -3.1936720571796245e-01,
       -1.1887249083732167e-03, -3.7139203834655643e-03,
       3.4850483605405075e-01 ]
R: !!opencv-matrix
   rows: 9
   cols: 3
   dt: d
   data: [ 7.7415575022202296e-02, -4.0468041397345283e-01,
       -9.1547496017437890e-02, 6.3160589332954445e-02,
       2.2044634837233340e-01, -1.4636176959959890e-02,
       -3.3410675859222405e-01, 1.0218067594915836e-01,
       8.6480451275380910e-01, 8.3701398418301320e-02,
       -1.2006581848384765e-01, 2.6713790756188122e-01,
       2.3003039109269940e-02, 1.1826318843323484e-01,
       9.3226548295729671e-04, 2.9197181057964070e-02,
       -1.1471711178083341e-01, 7.5275033083930199e-03,
       -2.2598690894794135e-01, -1.0938850150675358e-02,
       1.9755655746104665e-02, 3.5309639830951101e-01,
       4.8780708631459956e-03, 3.3974946167865040e-02,
       5.7831530627462713e-02, 1.3553553359103998e-01,
       -5.2098555335865554e-03 ]
T: !!opencv-matrix
   rows: 9
   cols: 3
   dt: d
   data: [ -1.9370918385329350e+01, -1.5345169589329759e+01,
       8.9565846728298794e+01, -1.9840084804017373e+01,
       -1.9857452631679362e+01, 5.1105356640992753e+01,
       4.1228281124439583e+01, -3.2638163605479001e+01,
       1.1766239935357957e+02, -1.1588922167442304e+01,
       -2.2942345911755098e+01, 5.6380832720298052e+01,
       -1.7328645246375462e+01, -2.1340582915688042e+01,
       4.8811991543119504e+01, -1.4061305477220792e+01,
       -2.0737654230008062e+01, 4.6134646704241014e+01,
       -1.4884145315472413e+01, -2.4142924498059656e+01,
       5.3457025921916866e+01, -1.5781130142175645e+01,
       -1.2652672203538762e+01, 4.4034168806098762e+01,
       -1.7775929441851272e+01, -2.0376983190335203e+01,
       4.8502588047089645e+01 ]
